 CC    0     1     2     3     4     5   
 k=0  0(0)  inf   inf   inf   inf   inf  
 k=1  0(0)  10(0) inf   inf   inf   6(0) 
 k=2  0(0)  8(5)  12(5) inf   7(5)  6(0) 
 k=3  0(0)  8(5)  10(4) inf   7(5)  6(4) 
 k=4  0(0)  8(5)  10(5) inf   7(5)  6(4) 
 k=5  0(0)  8(5)  10(4) inf   7(5)  6(4) 
 k=6  0(0)  8(5)  10(5) inf   7(5)  6(4) 
 k=7  0(0)  8(5)  10(4) inf   7(5)  6(4) 
 k=8  0(0)  8(5)  10(5) inf   7(5)  6(4) 
 k=9  0(0)  8(5)  10(4) inf   7(5)  6(4) 
 k=10  0(0)  8(5)  10(5) inf   7(5)  6(4) 
